%YAML:1.0
weight: 1.
approachP: 1
l1: 0.5000000000000000e+000
l2: 400.
useList: !!opencv-matrix
   rows: 1
   cols: 3
   dt: u
   data: [ 1, 1, 1 ]